absence : 534 1538 3860 3971 3988 3992 4227 4584 count : 8
according : 302 485 1038 1100 1134 1140 1233 1292 1311 1329 1587 1596 1598 1633 1638 1663 1763 2102 2159 2186 2435 2479 2589 2647 2976 3005 3059 3086 3115 3277 3278 3279 3312 3349 3428 3506 3759 3770 3983 4203 4763 count : 41
account : 166 439 621 1388 2030 2249 2601 2619 2966 3085 3596 3654 3816 4093 4212 4322 4333 4335 4338 4351 4666 4678 4790 4879 count : 24
acquaintance : 553 4532 4548 4582 4608 4664 count : 6
acquainted : 306 573 835 840 1039 1041 1046 1211 1316 1500 2250 2708 2716 3156 3347 3359 3382 3765 3776 4119 4135 4137 4145 4381 4580 4588 4610 4613 4774 4784 4822 4825 4833 4835 4893 4898 4925 4965 count : 38
acquisition : 445 449 513 523 612 636 730 3184 3196 3579 4254 count : 11
act : 1136 1256 1740 1836 1839 2379 2435 2710 2859 2976 3747 3863 4135 4192 4393 4540 4543 4924 count : 18
acting : 503 1736 2556 2729 2734 3428 3963 3998 4763 4879 4927 count : 11
actions : 771 2701 2745 2856 3137 3537 count : 6
acts : 1233 1875 2699 2741 2789 2829 2872 2984 3756 4547 4652 4674 4730 4887 4958 count : 15
addition : 823 2495 2830 3475 3964 4804 count : 6
affection : 3730 3732 3744 3748 3863 4108 4312 4367 4787 4826 4831 4833 4836 count : 13
affections : 3198 3535 3664 3712 4303 4635 count : 6
afterwards : 792 1759 2420 3144 3290 3297 3740 3762 3768 4581 4758 count : 11
age : 179 618 619 1146 1312 1450 3470 3571 3652 3788 3793 4006 4051 count : 13
agreeable : 1069 1111 1149 1172 2157 2358 2410 2412 2765 3004 3057 3064 3475 3516 3975 4140 4581 count : 17
allowed : 828 1259 1265 1435 2996 3673 4184 4185 count : 8
alone : 750 852 1195 1198 2347 2577 2698 3048 3608 3633 3644 3659 3712 3908 4073 4184 4304 count : 17
along : 150 224 750 824 1107 4159 count : 6
amusements : 475 1115 1191 1194 2251 4128 4201 count : 7
ancient : 300 2242 2276 2943 3013 3738 3761 3840 4212 4281 4536 count : 11
answer : 672 694 728 760 3381 4953 count : 6
anything : 296 2015 2041 2685 2785 2879 3059 3062 3310 3394 3560 3604 3967 4042 4069 4113 4596 4598 count : 19
aphorisms : 96 156 292 333 397 649 count : 6
appear : 160 205 369 702 998 1239 2080 2276 2672 4689 4776 count : 12
appearance : 994 997 2185 2193 3265 3303 3531 3868 3941 4358 count : 10
application : 665 675 676 732 733 1550 count : 6
applies : 1050 1176 1217 1846 2451 4926 count : 6
apply : 1089 1095 1139 1239 1317 1561 1998 2462 3054 count : 9
arm : 2178 2346 3040 3057 4682 4685 count : 6
arms : 1011 1935 1943 2028 2541 3133 count : 7
art : 221 343 885 902 904 913 932 947 960 962 964 967 970 976 978 997 1003 1011 1015 1826 2244 2716 2721 3530 4516 4934 count : 26
artha : 308 311 386 391 394 449 612 616 619 636 640 652 654 665 740 742 764 770 774 824 3196 3999 count : 24
arts : 155 337 417 471 636 819 822 823 825 860 1026 1032 1036 1039 1040 1153 1201 1211 1219 1272 1293 2251 2370 3045 3420 3520 3571 3661 4119 4135 4471 4597 4599 4968 count : 35
aside : 2043 2778 3126 3762 3911 4617 count : 6
ask : 766 1718 1993 3272 3370 3373 3619 4084 4622 4806 count : 10
asked : 271 2919 3379 3395 3541 3559 4717 4815 4959 count : 9
asleep : 2081 2106 2114 2116 3230 3805 3901 count : 7
assembly : 1130 1135 1136 1138 1148 1207 2127 3155 count : 8
attached : 1108 2992 3095 3114 3256 3691 3697 4324 count : 8
attendants : 2940 3480 3543 3550 4046 4156 4171 4174 count : 8
auparishtaka : 1800 1871 2392 2866 2874 2939 2944 2949 2953 2993 3017 count : 11
auspicious : 839 1130 3221 3265 3287 3333 3972 count : 7
author : 13 124 128 140 150 153 164 174 272 296 351 361 365 370 1045 1835 1864 count : 17
authors : 103 146 159 301 435 441 1833 1862 2052 2242 2943 3255 3338 3666 3761 4281 4536 count : 17
babhravya : 158 300 401 438 1485 1692 1868 1955 2494 3152 3340 4092 4801 4829 4854 count : 15
bashfulness : 2043 2748 2778 2872 3424 4333 4338 4365 4617 count : 9
bear : 99 686 687 700 1654 1698 3068 3122 3712 count : 9
beauty : 201 231 233 236 1025 1425 3730 4482 4767 count : 9
become : 140 1062 2250 2706 2769 2992 3347 3560 3787 4580 4610 count : 11
becomes : 1030 1034 1331 1364 1674 1705 2149 2204 2261 3125 3157 3256 3259 3433 3437 3440 3538 3691 4305 4517 count : 20
bed : 1069 1942 1950 2115 2755 3126 3131 3612 4140 count : 9
been : 44 45 185 187 188 242 277 334 373 750 1177 1278 1347 1356 1485 1812 1867 2435 2858 3012 3049 3082 3084 3171 3206 3244 3445 3515 3731 3954 3977 4173 4174 4179 4228 4403 4412 4475 4715 4744 4782 4791 4807 4808 4865 4975 4976 4987 count : 51
begin : 507 2427 2850 3030 3337 3342 3343 3419 3424 3628 3644 4197 4617 count : 13
beginning : 389 579 928 971 1693 1697 2741 3051 3100 3637 4034 4365 count : 12
begins : 2757 2886 3438 3515 3584 3624 4604 4732 count : 8
begun : 2484 2656 3286 3310 3468 3977 4300 count : 7
being : 178 183 217 228 232 297 352 435 465 656 667 674 677 678 680 733 762 763 796 828 938 1029 1031 1046 1050 1312 1370 1382 1521 1737 1757 1761 1766 1824 1864 1866 1872 1882 1976 2227 2244 2294 2429 2654 2826 2915 2919 2963 3006 3007 3019 3345 3400 3523 3557 3726 3741 3788 3816 3864 4042 4094 4095 4227 4318 4322 4333 4335 4338 4371 4418 4593 4599 4660 4685 4699 4778 count : 78
besides : 108 1033 1073 1348 2632 4050 count : 6
best : 155 1634 2722 2774 3663 4918 4985 4986 count : 9
betel : 1092 1526 2351 3047 3054 3363 3504 3660 3959 3960 4573 4587 4621 4627 4839 4840 count : 21
bite : 2302 2303 2312 2315 2339 2340 2341 2430 4560 count : 10
biting : 494 1870 1975 2087 2157 2272 2286 2300 2309 2311 2323 2327 2330 2334 2335 2337 2342 2349 2354 2363 2385 2894 2912 count : 23
blow : 2796 2797 2798 2817 2820 2823 count : 6
bodies : 702 880 1909 1949 1987 2382 2405 2408 2536 4285 4288 count : 11
body : 206 763 803 964 1090 1094 1095 1097 1700 1897 1912 1958 1962 1973 2102 2104 2130 2150 2180 2204 2220 2261 2270 2432 2434 2603 2609 2759 2775 2778 2844 2883 3055 3202 3205 3222 3317 3356 3401 3404 3410 3914 4269 4283 4564 4612 4709 4712 4714 4720 4721 4725 4758 4937 count : 55
bosom : 210 2026 2504 2548 2675 2743 3133 count : 7
brahman : 176 752 796 1243 1306 1482 1488 2994 3757 3779 3785 3795 3802 3807 count : 15
breast : 1979 2222 2225 2231 2233 2237 2267 count : 7
breasts : 1902 1965 1979 1980 2026 2179 2202 2212 2277 2278 2332 2336 2607 2643 2661 2676 2680 2744 2763 3203 3396 3404 4212 4214 4215 count : 25
bring : 744 1388 1398 1424 3210 3213 3651 3778 3784 3802 3806 3988 4063 4144 4157 4897 4976 count : 17
bringing : 1174 1719 2323 2946 4629 4821 count : 6
brought : 266 854 1505 1836 2059 2801 3607 3635 3757 3767 3777 3794 3795 3800 4038 4403 4862 4987 count : 18
bull : 1595 1612 1613 1614 1628 1630 2547 2798 2823 4418 count : 10
business : 558 1094 1546 2110 2995 3303 3800 4594 4754 4873 4875 4892 4902 4903 4965 count : 16
called : 96 121 131 136 154 162 174 205 231 278 285 319 334 349 355 363 647 797 1150 1210 1621 1622 1624 1626 1653 1657 1689 1798 1804 1829 1862 1863 1865 1866 1897 1902 1910 1913 1932 1938 1944 1950 1970 1976 1980 1983 2041 2045 2049 2060 2063 2066 2068 2071 2091 2094 2097 2107 2112 2115 2121 2125 2131 2205 2212 2215 2220 2223 2226 2231 2234 2237 2312 2314 2318 2321 2324 2327 2331 2335 2461 2466 2469 2478 2485 2488 2491 2497 2501 2504 2506 2512 2515 2519 2521 2524 2529 2538 2544 2547 2559 2561 2582 2649 2752 2802 2805 2808 2811 2814 2817 2820 2822 2826 2837 2841 2844 2874 2907 2912 2917 2920 2924 2927 2930 2934 2988 3085 3090 3096 3102 3107 3111 3116 3161 3252 3293 3295 4090 4156 4213 4729 4891 4902 4906 4919 4939 4945 4952 4958 count : 150
cannot : 180 362 762 1654 1698 1989 2697 2702 3122 3712 3725 3762 3772 4307 4906 count : 15
care : 2015 3865 3950 4073 4306 4619 count : 6
carried : 751 1191 2551 2997 3003 3086 3287 4566 count : 8
carry : 2981 2988 3041 3064 3384 3476 3624 3633 3805 3811 3818 4164 4589 4737 count : 14
case : 320 1038 1487 1744 1751 1774 1893 2034 2208 2252 2415 2471 2650 4336 4348 4615 4946 4953 4959 count : 19
cases : 369 834 1750 2413 2554 2784 2997 4228 4894 4895 4940 count : 11
caste : 1222 1331 1335 1336 1350 1464 2127 3106 3194 3598 3651 3739 4449 4553 count : 14
causes : 571 2972 3015 3823 4021 4310 4364 4519 4926 4928 count : 10
century : 187 323 327 329 330 338 351 3016 3446 count : 9
ceremonies : 3263 3287 3642 4138 4554 count : 6
chapter : 126 325 355 446 463 468 485 515 533 548 571 595 610 817 1055 1323 1585 1812 1856 2005 2144 2284 2442 2596 2727 2864 3028 3175 3189 3325 3451 3577 3585 3591 3720 3815 3830 3857 4012 4245 4253 4530 4646 4752 count : 45
chapters : 100 136 162 179 188 294 295 390 395 398 399 401 402 1863 3049 3831 count : 17
character : 1015 1286 1298 1307 1397 1989 2362 2964 3486 3689 4093 4146 4186 4198 4286 4344 4371 count : 17
characteristics : 225 548 1263 2555 2668 3171 4247 count : 7
child : 1503 2123 3548 4567 4572 4577 4579 count : 7
children : 937 3407 3702 4036 4045 4073 4123 4136 4447 4451 4765 count : 11
circumstances : 1038 1438 3005 3507 3821 4089 4293 count : 7
citizen : 474 478 1057 1062 1221 1229 1315 3036 3046 3054 3066 3144 count : 12
citizens : 650 1130 1137 1148 1192 1196 1201 1205 1207 1215 1294 1325 1525 2982 3111 count : 15
classes : 138 140 178 198 477 706 784 1595 count : 9
clever : 217 354 2992 4338 4518 4669 count : 6
cloth : 1070 1200 3496 3918 3921 4213 4214 4843 count : 8
coition : 1675 1697 1701 1707 1711 1713 1836 2379 count : 8
comes : 720 1200 2331 3484 3613 3615 3652 3702 4658 4659 count : 10
commentary : 278 284 339 343 350 359 362 368 count : 8
company : 1148 1150 1195 1196 1201 1223 2576 3479 3543 3888 3898 3908 4600 count : 13
composed : 125 144 156 182 302 440 1152 3920 count : 8
conduct : 179 536 538 2965 3642 3769 4014 4016 4017 4066 4087 4130 4150 4189 4190 4207 4286 count : 17
confidence : 517 3327 3338 3344 3351 3384 3406 3409 3425 3429 3433 3727 4199 4383 4762 4787 4837 4931 4943 4966 count : 20
congress : 477 498 507 508 1800 1871 1875 1876 2018 2393 2444 2447 2448 2450 2452 2466 2469 2471 2473 2474 2484 2527 2533 2537 2538 2544 2547 2551 2552 2553 2559 2561 2564 2565 2566 2567 2581 2582 2584 2587 2589 2642 2652 2661 2689 2698 2706 2718 2732 2738 2740 2747 2749 2771 2774 2786 2827 2840 2850 2866 2875 2887 2893 2908 2937 2958 2981 2988 2993 3030 3032 3051 3072 3074 3075 3076 3077 3078 3079 3080 3085 3090 3093 3096 3100 3102 3105 3107 3110 3112 3114 3116 3118 3140 3419 3630 count : 101
connection : 185 357 3101 3289 3290 3291 3293 3295 3297 3298 3348 4927 count : 12
consciousness : 646 1671 1689 1723 1728 1839 1841 count : 7
consent : 826 2932 3402 3655 3766 3784 3842 3865 3896 3981 count : 10
considered : 95 104 330 929 1281 1444 1883 2182 2415 2969 2971 2973 3042 3254 3303 4662 4744 4976 count : 18
contains : 135 161 165 179 188 292 1863 1866 1869 1874 count : 10
contracted : 2101 2503 2518 2615 2649 2650 3762 count : 7
conversation : 218 1111 2756 3041 3065 3123 3384 3729 4165 4566 4579 4738 4796 4974 count : 14
converse : 1105 1223 3382 3557 4583 4796 count : 6
copies : 189 276 277 284 288 289 count : 6
copy : 4 274 279 280 287 338 344 count : 7
countries : 91 225 495 2287 2359 2361 2581 2679 2712 3062 3111 count : 11
country : 196 402 1035 1190 1200 1230 2027 2031 2365 2377 2391 2398 2405 2413 2414 2416 2492 2590 2962 2977 3021 3278 3474 4859 count : 24
courtesan : 571 576 1195 1281 1284 2577 count : 8
courtezans : 2249 2876 2948 2991 3159 3163 count : 6
custom : 1046 2977 3277 3310 4006 4215 count : 6
date : 19 99 180 315 330 335 349 3167 count : 8
daughter : 752 796 854 1030 1031 1446 3267 3271 3462 3483 3528 3556 3634 3658 3726 3728 3798 3804 count : 18
day : 689 1095 1112 1130 1133 1171 1184 1317 1773 1776 2431 3270 3337 3920 3952 4160 4179 4688 4725 4794 count : 20
days : 139 222 840 1096 1097 1259 3330 3332 3339 3341 3522 3623 count : 13
decorated : 1108 3035 3261 3558 3919 4162 count : 6
deer : 767 1598 1611 1613 1615 1628 1629 2447 2455 2552 2567 2970 3952 4336 4776 count : 15
degrees : 1660 1699 1705 2243 4258 4625 count : 6
describe : 201 2052 3420 3595 3729 4799 4968 count : 7
described : 446 1828 3049 3210 3585 3590 3637 3779 4253 4610 4820 count : 11
desire : 485 598 1436 1468 1590 1639 1653 1658 1671 1672 1684 1688 1707 1930 1994 2107 2115 2352 2372 2398 2402 2633 2658 2733 2736 2748 2855 3046 3106 3139 3278 3492 3688 4096 4314 4516 4757 4816 4848 4970 count : 40
desired : 572 2915 3212 3386 3388 3488 3515 3649 4397 4608 4917 count : 11
desires : 306 2453 2878 2903 4143 4307 4476 count : 7
devoted : 1102 3678 3702 3997 4000 4148 4322 4328 4407 4484 count : 10
dharma : 307 311 386 391 393 445 612 616 619 626 633 652 653 663 696 742 764 770 774 824 1352 3196 3465 3999 count : 24
difference : 1667 1723 1727 1728 1733 1738 1739 1753 1840 1841 4320 count : 13
difficulty : 286 1391 2888 3083 3675 4307 4367 4668 count : 8
dimensions : 485 1589 1602 1633 1766 count : 6
disliked : 539 743 1231 4016 4083 4132 4150 count : 7
disposition : 906 1025 1146 1496 2856 3202 3475 3729 4281 4476 4763 count : 11
diversions : 1084 1103 1114 1125 1147 1172 1181 3469 count : 8
divided : 135 161 198 200 293 1065 1595 count : 7
does : 148 368 369 668 696 735 831 1561 1683 1703 1840 2015 2041 2782 2885 2886 2999 3021 3154 3243 3340 3354 3372 3374 3430 3436 3485 3545 3561 3668 3701 4042 4291 4295 4301 4306 4654 4661 4689 4718 4721 4875 count : 43
doing : 1350 1371 1544 1556 1743 2738 2773 2985 3398 3413 3414 3923 3998 4807 count : 14
done : 522 523 628 630 1046 1098 1114 1155 1171 1747 2012 2019 2020 2023 2136 2150 2323 2327 2341 2419 2420 2548 2576 2578 2752 2786 2789 2810 2872 2873 2890 2904 2936 2994 3006 3115 3509 3579 3580 3620 3768 3945 3953 4082 4574 4685 4686 4895 4901 count : 51
dress : 907 2414 2871 3259 3416 3531 3917 3920 3979 4425 count : 10
dressed : 1169 3037 3261 3268 3533 3558 4161 4162 4658 count : 9
drink : 1160 1161 3038 3045 3057 3058 3059 count : 8
during : 323 327 353 534 1105 1684 1875 2527 2656 2689 2702 2718 2738 2770 2774 2857 2936 3629 3859 3971 3987 3991 4021 count : 23
ear : 902 2350 3525 3559 4794 4847 4951 count : 7
easily : 551 1035 1556 1824 2950 3260 4249 4306 4427 4536 4538 4638 4742 4747 count : 14
efforts : 554 3683 4532 4537 4539 4543 4630 4680 4724 count : 9
eight : 135 1869 1872 1955 2159 2620 2678 2890 count : 10
elder : 538 3974 4014 4015 4040 4043 4050 4057 4060 4066 4068 4072 4082 4083 4087 count : 15
elephant : 222 1079 1599 1612 1613 1614 1630 1631 2449 2553 2565 2785 2993 4348 4779 count : 15
embrace : 488 1858 1869 1882 1885 1898 1903 1905 1910 1913 1918 1927 1932 1938 1940 1942 1945 1948 1951 1953 1960 1962 1965 1967 1970 1976 1980 1983 1986 1990 2011 3040 3056 3138 3353 3356 3358 3360 3362 3399 3590 4572 4626 4686 4687 count : 46
embraces : 407 1655 1915 1931 1955 1995 2528 2880 3548 3589 3671 4712 count : 12
employed : 494 1214 1751 2156 2286 3108 4222 4360 4542 4592 4832 4892 count : 12
end : 45 126 341 355 507 971 1111 1573 1693 1710 1743 1745 2354 2644 2652 2663 2673 2827 2902 2910 2915 2927 2933 3030 3039 3051 3070 3100 3148 3177 3845 4233 4962 count : 33
endeavour : 3652 3745 4034 4063 4364 4588 count : 6
ends : 343 733 1552 2241 2295 2584 3118 3254 3282 3600 3683 3969 3991 4066 4087 4130 4150 4189 4207 4608 4735 4818 count : 22
enemy : 1364 1365 1377 1402 1412 1430 count : 6
engaged : 304 1675 1719 1742 2110 2642 2840 3396 3588 3593 4594 count : 11
english : 21 188 230 238 246 266 280 4989 count : 8
enjoy : 218 735 2570 2719 3064 3424 3628 3644 3669 4226 4637 4696 4944 count : 13
enjoyed : 802 1204 1334 1347 1356 1458 1485 1486 1565 1567 1569 2857 3436 3631 3801 3806 4052 4634 4660 4689 4914 count : 21
enjoyment : 223 643 1566 1995 1996 2352 2372 2378 2382 2406 2710 2777 2781 3530 4098 4122 4271 4939 4970 count : 19
enjoyments : 3698 3965 4463 4563 4773 4800 count : 6
enjoys : 770 2527 2558 2561 2572 3153 3705 count : 7
etc : 179 407 417 449 1795 1801 2418 3094 3308 4602 count : 13
eunuch : 2880 2885 2890 2902 2907 2911 2915 2923 2932 3343 count : 10
eunuchs : 1800 2869 2870 2873 2874 2876 2878 2947 3078 3107 4223 count : 11
everything : 312 721 855 1556 2548 2963 3273 3375 3508 3569 3915 4070 4121 count : 13
existence : 160 331 391 705 763 3220 4075 count : 7
eyes : 208 1091 1982 2025 2049 2085 2291 2430 2720 2769 2775 2778 3203 3618 4795 count : 15
face : 206 1096 2065 2106 2130 2433 3066 3538 4707 4717 4795 count : 11
fall : 700 1693 1710 2378 2972 3534 3810 count : 7
falls : 1034 1711 1715 2402 3126 4290 count : 6
family : 297 346 857 1449 3198 3200 3312 3457 3472 3649 3651 3777 3865 3996 4116 4117 4449 4790 count : 18
faults : 1397 1500 3214 4193 4774 count : 6
favourable : 1032 1515 3228 3381 3383 3670 3769 4794 4805 count : 9
fear : 772 3406 3513 3746 4082 4326 4335 4356 4360 4373 4741 4858 count : 12
feel : 1672 1674 1734 1739 1758 1800 1842 3410 3712 count : 9
feelings : 519 1847 2854 3453 3567 3569 3616 3641 4300 4946 count : 10
feet : 1934 2543 2546 2988 3320 3365 3367 3603 3894 4706 count : 10
females : 409 503 678 828 1068 1287 1670 1671 1676 2870 2876 count : 12
festivals : 1117 1128 1139 3523 3643 3798 3966 4128 4181 4555 4811 4857 count : 12
fifth : 422 431 792 1438 2071 2704 count : 6
fighting : 960 1101 1172 1747 2097 count : 7
finally : 1700 3742 3914 3952 4126 4627 count : 6
find : 846 1705 1743 1744 1746 2278 count : 6
fingers : 1870 2012 2072 2087 2615 2648 2650 2767 2785 2910 4574 4706 count : 12
fire : 3757 3759 3762 3778 3784 3795 3802 3806 count : 8
fit : 371 477 678 1486 1565 2031 3481 4770 count : 8
five : 113 153 161 172 285 399 643 1097 1486 1879 1880 2225 2230 2391 count : 14
flower : 207 976 2911 4622 4623 count : 6
flowers : 875 877 898 920 1021 1071 1075 1080 1086 1174 1188 1189 1247 2350 2742 3035 3047 3470 3471 3524 3559 3660 3866 3879 3918 3921 3959 4157 4618 4629 4840 4848 4950 count : 34
followers : 1485 1692 1868 3340 4092 4829 4854 count : 7
follows : 203 373 653 734 1227 1639 1686 1708 1727 1754 1757 1762 1992 2134 2178 2258 2293 2422 2585 2666 2688 2695 2753 2777 2781 2852 2904 3284 3351 3426 3565 3685 3814 3816 3994 4022 4310 4514 4652 4680 4805 count : 41
fond : 1146 1496 2367 2370 2403 2405 4453 4463 count : 8
food : 763 766 2971 3331 3472 3497 count : 6
foot : 1934 2129 2172 2226 3599 3601 4678 4686 count : 8
footnote : 445 449 451 781 784 791 795 801 805 810 1045 1050 1239 1243 1247 1249 1251 1254 1256 1259 1262 1265 1268 1270 1277 1292 1296 1298 1303 1315 1561 1565 1818 1823 1832 1845 2274 2276 2714 2716 3010 3012 3167 3171 3174 3302 3307 3310 3316 3319 3443 3445 3708 3710 3827 3829 3833 3837 4002 4004 4211 4218 4222 4225 4522 4524 4980 4982 4985 4992 count : 70
footnotes : 443 779 1043 1237 1559 1816 3165 3300 4209 count : 9
force : 485 1590 1638 1704 1764 1766 2068 2073 2425 2662 4660 count : 11
forcibly : 1913 1969 2424 2490 2817 2930 3346 3436 3751 3811 4040 count : 11
forehead : 1967 1983 1984 2025 2347 2350 2847 3241 3618 count : 9
forms : 526 970 2160 3501 3722 3754 3814 3824 3829 4285 count : 10
fortune : 1204 3219 3228 3269 3743 3889 count : 6
found : 91 137 194 242 268 286 334 668 1271 2492 3016 3019 3136 4933 count : 14
four : 137 154 165 233 283 295 337 471 706 784 787 852 1096 1329 1452 1453 1454 1782 1862 1863 1866 1867 1873 1876 1882 1886 1918 1957 2052 2101 2238 2370 2612 2677 2678 3094 3152 3154 3157 3158 3160 3162 3174 3280 3419 3528 3829 4119 4122 4800 count : 52
fragrant : 1074 1075 3035 3883 3884 3928 4586 count : 7
frequently : 268 2744 2825 3624 3656 3725 3750 4292 4582 4590 4906 count : 11
friend : 851 855 1107 1110 1293 1363 1375 1376 1430 1478 1482 1507 1554 3216 3219 3224 3248 3383 3386 3387 3558 3634 3638 3776 3787 4553 4564 count : 27
friends : 478 637 1106 1223 1325 1490 1509 3036 3197 3201 3212 3213 3218 3266 3405 3480 3552 3658 3681 3810 3875 3898 3908 3958 3963 4047 4105 4118 4125 4136 4328 4399 4562 4862 count : 34
fruit : 686 687 700 2899 2930 2972 3819 3928 count : 8
gain : 524 554 584 620 722 755 1375 1556 3402 3407 3428 3460 3462 3534 3570 3580 3585 3638 3652 3683 4295 4298 4302 4532 4612 4651 4655 4724 4733 4740 4943 4966 count : 32
gained : 551 791 1061 1362 1521 2365 2389 2392 3255 3369 3484 3627 3727 3756 3831 4136 4249 4305 4306 4427 4638 4668 4730 4742 4744 4747 4931 count : 27
game : 926 936 3472 3473 3588 count : 6
games : 3469 3474 3476 3479 3899 4128 count : 6
garden : 1067 1084 1247 3809 3869 3876 3885 4555 4856 count : 9
generally : 130 250 254 628 1239 1262 2012 2014 2215 3043 3697 3999 4225 4375 4520 count : 15
gets : 2739 2855 3505 3745 4687 4937 4943 count : 7
ghotakamukha : 427 1446 3206 3229 3375 3464 3625 count : 7
girl : 517 523 524 2034 2040 2043 2048 2208 2692 2762 2768 3194 3198 3206 3210 3213 3218 3223 3225 3227 3229 3252 3254 3255 3256 3259 3272 3277 3289 3327 3330 3338 3341 3349 3357 3359 3362 3377 3382 3385 3388 3389 3393 3425 3428 3431 3434 3436 3460 3463 3464 3468 3475 3479 3481 3483 3486 3488 3491 3528 3537 3567 3570 3571 3579 3580 3584 3626 3627 3635 3638 3648 3650 3652 3658 3664 3666 3667 3683 3685 3688 3703 3725 3731 3732 3733 3735 3736 3745 3748 3756 3766 3770 3772 3777 3781 3783 3787 3794 3799 3805 3809 3831 4004 4610 4617 4949 4952 count : 111
girls : 3375 3437 3494 3738 3741 4167 4536 4613 count : 8
given : 228 301 352 375 749 938 983 1133 1867 1876 2639 2688 2830 3172 3175 3227 3504 3506 3514 3690 3700 3815 3953 4042 4111 4163 4195 4211 4223 4620 4841 4896 4909 4923 count : 34
gives : 146 165 177 361 1037 1672 1957 2495 2619 2698 2721 3558 3604 4623 4695 4727 4916 count : 17
giving : 2196 2752 2796 2817 3047 3367 3512 3687 4105 4373 4627 4635 count : 12
gods : 157 218 3871 3898 3973 4983 count : 6
going : 1167 1183 2236 2433 2934 3136 3522 3895 4127 4200 4622 4636 4855 4857 count : 14
gonikaputra : 141 157 431 1342 1486 4290 4781 4832 4861 count : 9
ground : 709 878 1077 1081 3127 3758 count : 6
had : 104 147 159 284 288 340 360 791 806 927 1562 1694 3514 3515 3597 3727 4005 4225 4228 4229 4447 4633 4715 4815 4861 count : 26
hair : 880 965 1259 1975 2204 2428 2742 2767 3039 3125 3132 3202 3914 4358 4622 count : 15
hand : 324 782 911 1570 1623 1868 2128 2297 2614 2617 2643 2648 2650 2662 2691 2780 2784 2804 2906 2923 3055 3058 3291 3400 3558 3589 3602 3603 3618 4623 4706 4711 4829 count : 33
hands : 688 2049 2078 2192 2541 2546 2758 2761 2763 2764 2782 2884 3319 3410 3411 4714 4720 4844 count : 19
happiness : 735 770 3744 3823 4097 count : 6
hare : 1595 1611 1612 1630 1631 2174 2231 4348 4777 4778 count : 11
harem : 540 563 2578 2983 4017 4156 4162 4184 4185 4189 4223 count : 11
has : 188 210 213 253 309 370 373 540 631 1177 1204 1206 1234 1285 1342 1347 1356 1362 1406 1413 1450 1485 1492 1707 1708 1712 1812 1827 1841 1867 1879 1955 2095 2455 2484 2783 2829 2849 2858 3048 3142 3206 3224 3235 3236 3237 3240 3241 3242 3244 3247 3289 3357 3409 3438 3441 3468 3540 3567 3568 3597 3690 3699 3701 3726 3731 3863 3939 3987 4052 4078 4179 4198 4328 4362 4441 4445 4447 4475 4610 4611 4706 4724 4757 4782 4790 4791 4864 4866 4931 4932 4956 4977 4987 count : 96
having : 277 753 1060 1070 1088 1092 1104 1169 1171 1706 1934 2048 2632 2698 2703 2733 3084 3101 3132 3144 3261 3267 3423 3572 3599 3739 3758 3783 3795 3801 3805 3811 4054 4136 4158 4161 4163 4304 4340 4566 4567 4568 4638 4691 4762 4790 4795 4889 4913 4915 4923 4927 4936 count : 53
head : 346 1073 1096 1667 1930 2065 2209 2429 2461 2514 2606 2648 2675 2744 2987 3132 3133 3242 3377 3381 3385 3525 3541 4709 count : 24
hear : 1994 3122 3375 3517 3614 3973 4789 count : 7
held : 1140 2503 2541 2804 3057 4579 count : 6
herself : 572 1035 1402 2041 2542 2849 3127 3659 3667 3676 3679 3712 3865 3871 3895 3975 3984 4037 4041 4050 4056 4070 4090 4108 4139 4145 4147 4203 4298 4482 4570 4661 4667 4702 4709 4728 4762 4806 4872 4891 4913 4920 4925 4936 count : 45
him : 104 105 150 324 352 524 580 725 745 746 747 1109 1206 1304 1307 1363 1402 1431 1432 1440 1620 1622 1679 1680 1759 1930 1931 1932 1937 1950 2078 2079 2083 2118 2124 2137 2138 2425 2427 2430 2433 2434 2435 2528 2558 2734 2746 2757 2766 2783 2884 2888 2903 3047 3133 3138 3143 3155 3217 3341 3343 3372 3379 3381 3383 3393 3397 3399 3402 3413 3414 3429 3486 3489 3508 3511 3539 3540 3541 3545 3546 3547 3548 3557 3558 3567 3571 3581 3616 3617 3619 3622 3624 3635 3642 3657 3660 3663 3670 3673 3674 3675 3676 3679 3680 3726 3729 3731 3745 3790 3791 3891 3892 3900 3901 3906 3907 3923 3977 3986 3988 4035 4036 4074 4077 4081 4110 4113 4121 4134 4137 4140 4141 4147 4160 4170 4171 4196 4297 4298 4302 4340 4346 4351 4369 4443 4476 4561 4587 4604 4611 4620 4626 4654 4658 4659 4667 4671 4675 4683 4684 4688 4689 4692 4693 4696 4699 4702 4704 4711 4725 4727 4815 4816 4913 4914 4915 4916 4917 4918 4925 4938 4972 count : 205
himself : 126 170 298 355 366 748 1092 1109 1194 2540 2880 2946 3004 3093 3199 3205 3218 3350 3432 3482 3694 3788 4370 4537 4540 4547 4581 4623 4737 4928 4978 count : 31
hindoo : 105 246 1262 1275 1282 3834 4985 count : 7
hindoos : 201 231 627 784 811 1251 1278 1280 2970 4007 count : 10
his : 125 126 273 296 297 307 308 310 312 316 319 325 328 330 352 353 356 371 440 474 576 618 619 623 688 753 791 792 797 798 803 1015 1061 1088 1089 1090 1091 1094 1095 1096 1097 1105 1106 1107 1110 1199 1206 1221 1222 1223 1224 1307 1308 1311 1383 1408 1449 1596 1620 1621 1745 1773 1804 1819 1837 1897 1930 1935 1936 1970 1974 1979 1983 2081 2091 2093 2097 2112 2114 2115 2117 2123 2130 2131 2270 2428 2429 2432 2481 2503 2510 2541 2542 2648 2690 2705 2708 2733 2734 2745 2755 2758 2761 2763 2767 2784 2785 2787 2843 2882 2884 2885 2886 2902 2906 2907 2910 2912 2916 2919 2920 2923 2926 2929 2933 2946 2977 3004 3036 3038 3040 3054 3056 3058 3065 3106 3131 3132 3133 3153 3162 3197 3219 3222 3278 3292 3297 3312 3356 3395 3400 3401 3407 3410 3411 3459 3461 3462 3468 3484 3487 3512 3520 3530 3543 3544 3552 3555 3562 3569 3571 3598 3599 3601 3603 3605 3607 3609 3614 3617 3618 3619 3633 3636 3637 3654 3655 3669 3671 3672 3677 3679 3700 3703 3756 3760 3778 3791 3810 3864 3865 3872 3892 3894 3896 3900 3986 3988 3998 4062 4076 4093 4094 4126 4133 4136 4140 4142 4161 4165 4169 4257 4300 4301 4303 4326 4328 4333 4335 4338 4342 4344 4346 4351 4358 4366 4368 4371 4372 4518 4558 4559 4560 4562 4563 4564 4569 4571 4573 4574 4584 4588 4599 4624 4629 4637 4639 4678 4682 4709 4712 4714 4717 4720 4721 4725 4738 4741 4772 4773 4778 4792 4800 4801 4823 4824 4844 4914 4918 4934 4940 4943 4951 4970 4976 count : 332
hold : 831 1683 1703 1902 2072 2076 2081 2082 2428 2579 2767 3588 3601 3617 4139 4600 count : 17
holding : 505 1117 2065 2906 2923 3039 4764 count : 7
holy : 302 626 633 696 1330 2945 2948 3195 3279 4203 count : 10
honour : 1028 1117 1140 1184 1867 3433 3972 4048 count : 8
horse : 1596 1613 1615 1616 1628 1629 2554 2703 count : 8
house : 185 473 1063 1110 3064 3142 3146 3230 3311 3462 3555 3617 3757 3778 3784 3785 3795 3802 3805 3807 3866 3869 3931 3975 3981 4038 4112 4115 4118 4120 4220 4433 4552 4553 4582 4637 4866 count : 38
householder : 788 1062 1088 1104 1107 1206 3872 count : 7
hundred : 135 161 165 171 293 390 399 400 402 615 2437 count : 11
husband : 534 537 539 540 1034 1363 1365 1369 1382 1401 1406 1430 1432 1562 3330 3693 3704 3705 3706 3782 3860 3863 3876 3891 3895 3905 3910 3917 3922 3939 3942 3958 3967 3971 3973 3976 3980 3985 3992 3998 4005 4014 4016 4017 4026 4032 4035 4037 4041 4042 4043 4045 4052 4057 4061 4064 4068 4071 4074 4076 4078 4079 4080 4081 4083 4084 4098 4103 4107 4108 4109 4112 4115 4120 4123 4125 4132 4134 4136 4139 4142 4146 4150 4204 4207 4312 4360 4441 4443 4455 4469 4473 4479 4484 4636 4764 4769 4772 4777 4933 4938 4945 count : 102
ii : 468 481 488 517 536 553 576 598 610 1578 1856 3175 3177 3325 3591 4012 4530 count : 17
iii : 446 471 490 511 519 556 578 817 2005 3182 3451 3831 3845 4646 count : 14
impossible : 158 315 1673 3633 3818 4541 count : 6
impressed : 2211 2214 2238 2332 2336 2345 2347 4842 count : 8
increase : 638 1997 2256 2271 2419 3196 3433 4788 4821 count : 9
increased : 1707 2779 3131 3409 3594 3982 3984 4059 4516 count : 9
india : 109 130 447 1268 2952 3013 3168 count : 7
indra : 724 753 791 801 2459 3843 4798 4982 count : 8
instance : 1747 1794 1799 1877 2998 4100 4700 count : 7
intense : 1646 1647 1648 1649 1650 1658 1772 1777 2088 2149 2337 count : 12
intercourse : 224 234 674 679 1468 1763 1794 1851 2601 2702 2975 3674 4595 4616 count : 16
into : 128 129 130 135 161 188 198 238 266 293 294 688 709 744 883 986 1034 1065 1287 1595 1949 2044 2059 2655 2677 2787 2884 2919 2929 2933 2946 3169 3221 3351 3439 3689 3741 3818 3943 3946 4060 4762 4989 count : 45
iv : 473 492 522 529 558 582 1055 2144 3577 3831 3850 4233 4752 count : 13
jaghana : 1962 1973 1977 2179 2203 2609 2661 2872 2882 count : 9
jewels : 216 906 949 953 2307 2328 2345 4162 count : 8
joints : 2028 2216 2346 2882 3412 3417 count : 6
journey : 2151 2152 2236 3084 3971 3986 3992 count : 7
kama : 1 9 24 52 72 96 132 133 213 308 311 344 386 392 394 397 451 612 616 619 643 647 649 652 654 656 667 676 770 774 822 824 829 832 833 847 850 853 860 1329 1333 1335 1338 1861 1995 3097 3999 count : 49
keeping : 563 1184 3949 4212 4326 4664 count : 6
kept : 1439 3234 3714 3931 3946 3956 4215 4587 count : 8
kinds : 485 486 498 508 584 587 971 1325 1341 1452 1453 1454 1587 1593 1621 1625 1633 1638 1663 1665 1737 1762 1763 1766 1768 1780 1782 1809 1872 1875 1886 1905 1918 1940 1953 1955 2052 2101 2103 2159 2186 2199 2241 2246 2255 2300 2354 2386 2444 2479 2482 2564 2584 2587 2588 2589 2612 2620 2869 3017 3032 3072 3118 3168 3280 3589 3829 3867 3918 4128 4766 4847 4870 4962 count : 75
king : 125 318 322 340 344 348 540 640 655 751 805 845 1029 1030 1412 1414 1483 1488 2578 2688 2690 4017 4152 4154 4158 4160 4169 4170 4175 4177 4178 4181 4187 4189 4227 4230 4983 count : 38
kiss : 1938 2011 2027 2036 2037 2038 2041 2046 2050 2054 2055 2056 2057 2060 2063 2066 2069 2071 2091 2094 2095 2096 2107 2112 2115 2121 2125 2132 2138 2429 3368 3410 3672 4572 4627 count : 36
kisses : 2034 2052 2090 2103 2107 2110 2114 2120 2123 2128 2131 2137 2757 2916 2923 2930 3108 3548 count : 19
kissing : 490 1801 1869 1930 1975 2007 2018 2025 2029 2063 2066 2076 2085 2101 2341 2385 2388 2418 2655 2768 2897 2924 2926 2974 2985 2986 3094 count : 28
know : 832 838 1849 1915 2117 2982 3154 3371 3484 3615 3987 4281 count : 12
knowing : 310 842 1015 1222 2708 2885 count : 6
knowledge : 254 361 666 949 955 957 974 992 994 997 1008 1011 1013 1017 1036 1152 1536 1540 1544 3156 3730 3941 4070 4342 count : 25
known : 130 180 250 296 348 835 1190 1501 1808 2244 2986 3007 3062 3288 3357 3493 3636 3777 3967 4186 4449 4558 4617 4947 4986 count : 25
knows : 1395 1555 3371 3432 3486 3641 3734 count : 7
language : 21 196 230 267 974 1229 1273 1274 3907 count : 9
lap : 1950 2123 2640 3065 3401 3549 4577 count : 7
lastly : 587 747 1428 1482 1663 1715 2068 2153 2932 3911 4017 4186 4202 4724 4815 4974 count : 16
latter : 364 811 1402 1419 1452 1820 1848 2510 2886 3818 4223 4937 count : 12
law : 805 1285 2534 2948 2967 3760 3960 4641 count : 10
laws : 231 234 455 836 844 1047 count : 6
lead : 623 2875 2879 3997 4147 4594 count : 6
leaf : 1526 2176 2233 2234 2351 3592 count : 7
learned : 127 367 663 828 1029 1031 1233 1482 1488 1782 1805 1813 2994 3156 3159 4932 count : 16
learnt : 633 640 649 676 2470 2491 2515 2529 2841 count : 9
leaves : 1093 1164 1879 3048 3054 3363 3504 3660 3960 4109 4304 4573 4621 4840 4847 count : 15
legs : 2468 2477 2500 2503 2506 2509 2514 2518 count : 8
lie : 1942 2447 2449 2450 2480 2481 2986 count : 8
life : 239 251 303 315 474 615 621 623 707 787 788 1057 1062 1443 1480 2691 2875 2879 3698 3940 3997 4085 4257 4320 count : 27
liked : 1135 3062 3217 3704 3976 4133 count : 6
likes : 2084 2774 2857 3229 3353 3379 3663 3686 3703 3711 3891 4101 4106 4635 count : 14
liking : 2406 2436 2590 3086 3115 3349 3594 4127 4476 count : 9
lingam : 505 599 1596 2490 2758 2787 2804 2808 2813 2816 2819 2825 2836 2883 2906 2910 2916 2919 2923 2933 2946 3014 count : 22
lip : 2044 2045 2048 2068 2072 2074 2081 2090 2091 2202 2291 2324 2339 2429 2924 4560 count : 17
lips : 1091 2026 2059 2077 2093 2179 2324 2907 2912 2916 2920 3404 count : 12
literature : 91 95 106 150 272 4986 count : 6
lived : 103 316 323 324 327 857 3987 4340 count : 8
lonely : 1900 1909 3337 3608 3913 4590 4626 4659 4677 4728 4809 count : 11
look : 1092 2434 3507 3546 3605 3903 3949 3974 3975 4039 4046 4147 4445 4557 4806 count : 15
looking : 2111 3052 3478 3533 3653 3694 3912 4401 4431 4561 4919 count : 11
looks : 1804 1931 2106 3538 3540 3689 3911 4422 4439 4801 count : 10
lotus : 202 208 212 219 2176 2234 2525 count : 8
love : 92 95 96 111 115 117 119 121 122 124 132 140 156 164 166 169 174 182 213 234 268 272 292 320 326 333 343 397 451 469 486 494 508 560 649 1308 1418 1759 1780 1782 1785 1787 1789 1791 1793 1794 1795 1797 1798 1799 1803 1804 1807 1809 1885 1947 1997 1999 2015 2023 2031 2108 2149 2246 2248 2256 2260 2263 2267 2271 2358 2427 2430 2436 2558 2590 2602 2708 2716 2855 2976 3032 3046 3075 3076 3077 3080 3082 3089 3091 3097 3103 3120 3122 3148 3162 3197 3429 3434 3439 3461 3515 3532 3534 3537 3584 3609 3614 3671 3706 3714 3791 3819 3825 3833 4048 4062 4078 4079 4098 4194 4257 4261 4290 4293 4300 4346 4367 4377 4569 4583 4611 4662 4675 4695 4697 4738 4741 4744 4747 4757 4782 4787 4820 4821 4824 4848 4906 4935 4970 count : 154
lover : 578 582 1699 1935 1940 2040 2048 2049 2078 2081 2106 2110 2114 2117 2129 2152 2208 2428 2431 2485 2487 2500 2503 2509 2547 2732 2735 2739 2743 2848 3126 3129 3137 3142 3146 3551 3552 3555 3557 3585 3678 3725 count : 42
lovers : 1908 1942 1969 1982 2059 2062 2136 3052 3063 3086 3646 3703 3736 3739 4410 4909 count : 16
loves : 1395 1679 2120 3102 3420 3468 3571 3605 3625 3666 3711 4294 4548 4568 count : 14
loving : 1111 2705 2719 3074 3085 3139 4202 4743 count : 8
lower : 1335 2045 2068 2072 2081 2091 2202 2339 2429 2582 2810 2924 3106 3416 4560 count : 15
lying : 497 1870 2444 2455 2482 2494 2531 2755 4140 count : 9
made : 178 269 280 375 699 754 1078 1086 1254 2215 2219 2222 2225 2226 2230 2233 2242 2254 2255 2340 2435 2637 2646 2654 2664 2859 3002 3495 3498 3749 3765 3830 3885 3928 4302 4558 4569 4582 4619 4624 4675 4848 4865 4902 4923 4936 4947 count : 47
maid : 1196 1424 1455 4211 4214 4219 count : 6
makes : 1931 1936 2236 3546 4296 4303 4671 4695 count : 8
making : 250 553 885 893 897 902 915 920 976 998 1021 1023 1375 1767 1870 2013 2244 2641 2647 3368 3471 3635 3950 3967 3982 4370 4532 4608 4628 4636 4925 count : 31
males : 409 503 1670 1674 2869 2878 count : 7
man : 127 253 522 524 572 573 576 615 674 731 744 770 822 1015 1038 1060 1198 1204 1233 1305 1345 1440 1554 1595 1596 1624 1625 1653 1710 1728 1730 1758 1825 1871 1875 1885 1896 1901 1902 1929 1947 1950 1973 1979 1998 2090 2095 2127 2269 2358 2424 2462 2527 2536 2540 2543 2558 2561 2579 2640 2641 2647 2729 2741 2749 2752 2753 2761 2773 2782 2783 2784 2789 2829 2843 2849 2855 2856 2859 2881 2883 2885 2887 2903 2906 2932 2944 2946 2986 2995 3002 3006 3082 3093 3094 3100 3105 3122 3152 3156 3158 3161 3197 3205 3211 3229 3278 3289 3292 3293 3296 3337 3340 3343 3348 3357 3362 3366 3378 3379 3382 3391 3393 3396 3407 3428 3430 3433 3438 3441 3457 3478 3480 3487 3491 3497 3538 3567 3579 3580 3625 3627 3633 3653 3666 3669 3683 3686 3688 3690 3691 3699 3712 3728 3733 3734 3744 3748 3750 3756 3764 3769 3773 3782 3787 3794 3798 3804 3810 4090 4094 4192 4256 4281 4291 4295 4296 4299 4306 4310 4318 4322 4324 4326 4328 4333 4348 4349 4364 4465 4475 4476 4518 4537 4539 4540 4544 4547 4557 4577 4610 4612 4614 4617 4619 4632 4636 4638 4651 4661 4666 4671 4674 4677 4686 4690 4692 4695 4699 4721 4724 4727 4730 4731 4737 4741 4759 4777 4778 4782 4787 4789 4791 4797 4800 4814 4816 4822 4825 4841 4842 4849 4850 4866 4889 4893 4894 4896 4901 4905 4913 4920 4924 4926 4929 4932 4940 4943 4947 4949 4953 4970 4975 4977 count : 272
manner : 223 533 616 754 841 1034 1174 2705 2739 3261 3374 3605 3615 3637 3641 3767 3769 3859 3941 3969 4425 4548 4580 4796 4820 count : 25
manuscript : 175 274 276 279 283 339 374 count : 7
mare : 1599 1611 1612 1616 1628 1630 2452 2475 2491 4778 count : 10
mark : 2203 2211 2215 2219 2225 2226 2233 2236 2431 count : 9
marking : 492 2146 2241 2245 2272 2349 2385 count : 7
marks : 2160 2230 2241 2245 2246 2254 2255 2260 2262 2266 2269 2334 2434 2670 2680 3202 3222 3403 3404 3549 4076 4259 4284 4285 4570 4624 4795 4842 4916 4936 4938 4951 count : 32
marriage : 515 526 825 1330 3191 3210 3227 3230 3263 3271 3280 3282 3330 3336 3466 3642 3652 3722 3747 3754 3761 3764 3767 3770 3781 3815 3820 3823 3824 3829 3830 3837 4103 4110 4115 4554 count : 36
marry : 1759 3215 3229 3278 3460 3654 3680 3686 3759 3770 3773 4037 4092 4100 count : 14
marrying : 3255 3267 3289 4021 4096 4192 count : 6
matter : 197 1837 3213 3274 3535 3631 4308 4545 4547 4802 count : 10
matters : 167 250 1214 1224 3790 4541 count : 6
me : 283 1357 1364 1371 1387 1388 1395 1399 1400 1424 1729 3399 4813 count : 14
meaning : 301 357 359 370 984 1540 1893 2632 4218 4957 count : 10
means : 572 578 593 598 666 675 677 732 733 1003 1036 1208 1244 1315 1331 1769 1821 1835 1837 2225 2249 2250 2286 2649 2689 3093 3097 3152 3383 3465 3529 3586 3634 3639 3655 3658 3664 3775 3794 3983 4655 4690 4729 4730 4864 4925 count : 48
medicine : 240 2403 2453 2999 3013 3619 count : 6
meet : 3511 3657 3725 3749 4552 4557 4658 4667 4809 4906 count : 10
meeting : 1918 3505 3657 4144 4851 4854 4911 count : 7
men : 127 178 198 225 389 548 549 571 655 663 706 749 784 828 1028 1029 1064 1146 1154 1160 1169 1289 1329 1434 1486 1536 1608 1642 1657 1663 1688 1718 1723 1724 1732 1744 1752 1754 1757 1761 1769 1782 1799 1835 1846 1993 2088 2127 2243 2435 2570 2576 2577 2716 2981 2984 2991 3001 3157 3214 3307 3346 3376 3441 3529 3532 3630 3696 3699 3714 3792 4240 4247 4248 4375 4377 4379 4381 4383 4385 4387 4389 4391 4393 4395 4397 4399 4401 4403 4405 4407 4412 4414 4416 4418 4420 4422 4425 4520 4767 count : 107
mentioned : 142 150 247 1995 2019 2418 2494 2999 3043 3097 3123 3152 3561 3830 3831 3873 4801 count : 17
messengers : 478 1326 4393 4537 4539 4542 4545 4869 count : 8
middle : 212 618 1070 1316 1973 2179 2461 2573 2609 2843 2844 2873 3431 3473 3885 count : 15
middling : 1635 1645 1646 1647 1648 1650 1657 1698 1998 2189 2199 count : 12
mind : 556 644 1369 2112 2270 3006 3436 3609 3654 3672 3679 3699 3772 3782 4041 4263 4473 4558 4648 4652 4663 4678 4735 4933 count : 24
moreover : 438 689 749 764 833 1028 1957 2027 2975 3426 3436 3677 3735 3870 3908 3938 4145 4296 4620 4808 count : 20
morning : 1088 1252 3067 3311 3870 4040 count : 6
mother : 856 2632 2659 3218 3223 3459 3657 3783 3784 3960 4069 4641 count : 12
mouth : 505 1076 1093 1800 1871 1982 2027 2040 2044 2099 2291 2392 2572 2652 2866 2907 2920 2929 2933 2956 2958 2969 2974 2981 2984 2986 2993 3363 3368 3607 count : 31
mutual : 1803 1885 3294 3842 4111 4889 count : 6
nails : 492 880 1870 2011 2087 2146 2149 2155 2159 2178 2184 2185 2192 2195 2199 2204 2205 2206 2211 2215 2226 2230 2239 2241 2242 2245 2247 2254 2260 2262 2267 2269 2272 2342 2349 2363 2385 3202 3397 3403 3601 3662 4559 4571 4624 4842 4917 4937 4952 count : 49
named : 124 176 340 403 441 796 1864 1873 count : 8
nature : 103 191 1251 1725 1752 1758 1993 2374 2411 3004 3345 3730 4089 4516 4768 4791 count : 16
nayika : 1343 1439 1444 1447 1450 1568 1569 1571 count : 8
neither : 227 1337 1569 1879 3203 3287 3296 3701 4185 4193 4727 count : 11
night : 1074 1100 2114 2127 3146 3336 4170 count : 7
nine : 1603 1633 1638 1665 1762 1763 1766 2830 count : 8
nothing : 735 2271 2955 3371 3872 4731 count : 6
nurse : 854 1503 3483 3528 3556 3634 3658 3726 3728 3799 3804 4135 4410 count : 13
nut : 3167 3363 3504 3660 3960 4573 4621 4627 4840 count : 9
object : 646 730 740 828 1030 1234 1338 1375 1453 1565 2044 2196 2227 3153 3269 3434 3535 3821 4303 4693 count : 20
objection : 661 683 716 738 762 831 1357 1697 1703 1736 count : 10
observed : 685 2413 2482 3981 4795 4889 count : 6
obtain : 274 309 312 1383 1390 2118 3773 3999 4076 4081 4103 4375 count : 12
obtained : 275 277 655 666 741 1557 3930 4307 count : 8
occasion : 1344 1770 1912 2018 2095 2116 2238 2447 2766 2843 3271 3385 3775 3798 4164 4554 4799 4831 count : 18
occasions : 1345 1776 2021 2150 3526 3643 3978 4252 4583 4603 4811 4855 count : 12
ointment : 3047 3055 3056 3394 3503 3959 4178 4179 4230 4231 count : 10
ointments : 964 1074 1090 3919 4157 4175 4177 count : 7
one : 125 148 153 171 230 269 287 292 334 351 390 395 397 400 402 411 541 564 593 615 622 653 766 775 776 806 853 926 982 1067 1072 1149 1152 1160 1210 1225 1281 1492 1494 1496 1498 1500 1503 1505 1507 1568 1622 1626 1749 1912 1934 1935 1943 1969 2045 2065 2093 2096 2098 2136 2230 2238 2246 2334 2414 2436 2487 2506 2509 2514 2521 2524 2570 2571 2577 2707 2717 2819 2890 2903 2904 2964 2984 2987 3015 3083 3102 3115 3204 3218 3234 3235 3236 3237 3238 3239 3240 3241 3242 3243 3244 3245 3246 3247 3248 3249 3250 3252 3256 3279 3295 3303 3436 3459 3508 3650 3695 3701 3702 3711 3712 3773 3815 3816 4040 4043 4051 4115 4178 4194 4195 4196 4198 4231 4258 4551 4594 4596 4598 4624 4632 4711 4720 4891 4909 4910 4966 4985 count : 153
opinion : 269 270 712 831 1342 1454 1487 1667 1678 1683 1715 1782 1864 2180 2410 2533 2681 2943 3340 3761 4095 4139 4284 4536 4781 4861 count : 26
opportunity : 3505 4195 4316 4367 4551 4552 4695 count : 8
order : 367 1937 2000 2010 2016 2115 2987 3210 3894 3954 4590 count : 11
ornaments : 902 1078 1090 1105 2342 3127 3525 3896 3918 3921 3972 4107 4124 4161 4560 4847 4951 count : 17
others : 151 184 437 593 595 756 971 1003 1009 1132 1152 1155 1224 1233 1334 1348 1356 1521 1540 1555 1824 1863 2252 2279 2646 2719 2720 3163 3207 3223 3228 3286 3590 3738 3882 4072 4134 4538 4570 4798 count : 40
outward : 520 1536 3453 3537 3568 3584 3641 4287 4611 4741 count : 10
pair : 1259 2691 2705 2832 2837 3498 3591 count : 7
parents : 3198 3211 3213 3259 3272 3461 3488 3513 3561 3650 3655 3688 3737 3760 3875 count : 15
parrots : 920 962 1100 1249 3499 3951 count : 6
part : 343 365 380 419 421 425 427 429 431 433 438 460 481 503 511 529 544 567 591 605 721 731 850 852 982 1070 1316 1552 1573 1578 1861 1864 1865 1867 1868 1871 1873 1874 1882 1962 1973 2220 2573 2609 2729 2734 2741 2807 2810 2819 2829 2843 2844 2859 3020 3172 3177 3182 3317 3356 3386 3591 3747 3845 3850 3905 3910 3991 4058 4233 4238 4253 4875 4887 4900 4901 4903 4958 count : 78
parties : 1121 1158 2699 3598 4104 4127 4181 4414 4555 4856 count : 10
parts : 10 60 285 293 295 403 421 435 436 1097 1190 1268 2102 2103 2179 2255 2260 2269 2461 2573 2759 2775 2873 3012 3158 3160 3162 3174 3415 3471 3674 3867 4629 4712 count : 35
passion : 223 320 322 1590 1638 1653 1658 1688 1697 1699 1706 1764 1767 1772 1775 1776 1777 1819 1823 1848 1997 1998 2088 2131 2156 2181 2337 2395 2419 2603 2671 2698 2706 4194 4336 4349 4352 4772 4889 count : 40
pay : 930 1008 1847 3002 3295 3334 3948 4104 4593 count : 9
peculiar : 645 968 1190 1243 1915 2088 2337 2679 3543 4294 count : 10
people : 255 309 320 413 546 561 843 1046 1234 1528 2027 2030 2196 2200 2581 2679 2952 2955 2958 2959 2962 3047 3515 3789 4252 4601 4766 4958 count : 28
performed : 775 777 1088 1251 1988 2589 count : 6
perfumes : 904 965 1069 1090 3036 3661 4840 count : 7
person : 306 310 687 734 926 927 1090 1194 1211 1300 1312 1441 1486 1562 1726 1736 1849 1864 1865 2120 2123 2124 2202 2236 2262 2411 2587 3007 3302 3653 3656 3781 4079 4093 4095 4099 4100 4219 4324 4567 4568 4919 4954 4956 count : 46
persons : 241 265 560 743 745 835 839 853 995 1064 1214 1222 1601 1725 1742 1752 1905 2337 2711 2992 3089 3096 3114 3271 3336 3476 3572 4601 4967 count : 29
piercing : 1889 1903 2675 2692 2793 2808 count : 6
place : 340 797 1064 1083 1555 1710 1900 1905 1909 1940 1953 2013 2014 2015 2021 2063 2264 2339 2431 2566 2567 2602 2686 2761 2827 2847 3003 3022 3114 3124 3130 3260 3273 3337 3393 3401 3411 3429 3511 3545 3608 3614 3618 3659 3795 3800 3841 3869 3902 3913 3931 4163 4175 4223 4585 4626 4637 4659 4728 4802 4854 4863 4910 count : 65
placed : 1074 1934 2514 2518 2521 2524 3599 4714 count : 8
places : 184 277 361 371 1544 1979 2025 2028 2030 2049 2130 2178 2181 2290 2430 2468 2487 2500 2509 2510 2603 2712 2759 3001 3020 3053 3646 3749 4575 4590 4677 4702 4720 4809 4950 count : 36
plant : 2911 3877 3878 3884 3928 3933 3934 count : 9
playing : 865 869 888 900 1082 1183 1870 3471 3472 3477 count : 11
pleasure : 308 451 455 647 723 750 1234 1338 1566 1569 1672 1673 1685 1689 1723 1728 1733 1739 1740 1755 1758 1761 1808 1809 1835 1839 1841 1842 2196 2722 2740 2752 2874 3035 3269 3294 3529 3687 3913 4414 count : 41
pleasures : 741 744 757 762 765 1204 2367 2406 2413 3331 3345 4407 count : 12
poet : 124 164 169 174 177 182 count : 6
point : 248 1619 1623 2304 2318 2340 2425 2774 3415 4605 4686 count : 11
points : 93 1395 2305 2321 2345 2347 2426 4145 4395 count : 10
portion : 80 285 286 289 2317 4586 count : 6
position : 2450 2457 2458 2459 2462 2466 2469 2470 2473 2474 2475 2478 2479 2480 2484 2485 2488 2491 2498 2501 2504 2507 2519 2522 2525 2529 3700 3999 4039 count : 31
possess : 1509 1530 3205 3492 3698 4544 count : 6
possessed : 1205 2193 2196 2294 2991 3200 3457 3458 3648 4335 4640 4769 count : 13
power : 722 724 1154 3569 4599 4890 count : 6
practice : 650 696 742 774 776 832 834 843 844 851 941 1037 1046 1333 1335 2157 2243 2470 2491 2515 2529 2682 2686 2841 2945 2949 2996 3003 3012 3016 3020 3022 3661 3818 3983 count : 36
practise : 615 621 1974 2952 2959 3005 3589 count : 7
practised : 622 655 665 667 1329 1996 2029 2031 2099 2150 2532 2939 2982 2997 3529 4969 count : 16
precepts : 302 1286 3195 3279 3759 4203 count : 6
prepared : 103 279 374 1850 3944 3956 count : 7
presence : 2124 3551 3762 3963 4041 4045 4572 count : 7
presents : 3512 3769 3791 3988 4105 4108 4111 4124 4159 4201 4385 4635 4810 4839 4842 4849 4850 count : 17
press : 2743 3600 3602 4573 4629 4721 count : 6
pressed : 2044 2057 2068 2069 2071 2101 2178 2314 2377 2504 2507 2662 2813 count : 13
presses : 1912 1969 1973 1980 2202 2485 2836 2883 2911 2915 2920 2933 count : 12
pressing : 492 1891 1913 2011 2073 2086 2098 2146 2149 2155 2159 2205 2208 2245 2341 2363 2474 2485 2553 2774 2795 2814 2895 2896 2917 2921 3397 3662 4709 count : 29
pretext : 1896 3267 3529 3539 3546 4569 4582 4950 count : 8
previously : 328 1107 1177 1334 1344 1347 3382 3463 3727 4391 count : 10
proceed : 2787 2886 2915 3048 3134 3636 3779 3785 3796 3802 3807 3812 4614 4696 count : 14
proper : 666 675 676 732 733 906 916 1486 1555 2294 2712 3273 3296 3525 3645 3935 3957 4373 4575 4864 4867 count : 24
purpose : 1378 1440 1456 1567 1570 1744 1988 2023 2768 3008 3266 3339 4257 4296 4864 count : 15
qualities : 1026 1206 1509 1530 2184 2293 2992 2998 3205 3457 3458 3487 3648 3692 3704 3733 3734 4094 4098 4099 4544 4824 count : 22
quarrel : 2427 2601 3085 3125 4053 4057 4059 4061 4142 count : 10
quarrels : 508 1214 2085 3032 3120 3148 4120 count : 7
rams : 1102 1173 1748 3498 3951 count : 6
rank : 1305 3940 4051 4222 4320 4469 4481 count : 7
re : 5 539 582 725 3997 4016 4021 4090 4130 4166 count : 10
reason : 548 756 845 1047 1737 1738 2247 2707 2996 3197 3512 count : 11
receive : 1748 3037 3264 3671 3986 4621 count : 6
regard : 309 391 495 984 1030 1708 1762 1766 2086 2286 2707 3002 3271 4047 4068 4076 4077 4081 4294 4300 4329 4362 4567 4639 4745 4946 count : 26
relations : 751 3201 3211 3266 3290 3292 3335 3488 3737 3764 3765 3875 3978 4048 4069 4105 4201 4581 count : 18
religious : 217 304 307 445 623 685 787 2534 2967 3642 3760 4138 count : 12
remaining : 286 421 776 982 3913 3961 count : 6
remove : 1671 4365 4366 4368 4371 4722 count : 6
resort : 1064 1231 1349 1909 2431 2948 2952 2955 4256 count : 9
resorted : 1325 1343 1435 1456 3645 3819 4252 count : 7
respect : 1231 2118 2267 2591 3001 3155 3158 3295 3369 3423 3822 4163 4182 4199 4369 4579 4666 count : 17
respected : 1028 1221 1235 3159 3160 3820 4481 count : 7
resulting : 1787 1789 1791 1793 1798 1805 1807 count : 7
return : 1173 1407 1902 2090 2138 2139 2152 2640 2744 2747 3523 4112 4786 4850 count : 14
rice : 875 1878 1879 1925 1945 3947 count : 6
rich : 216 1069 3688 3696 3714 4475 count : 6
room : 1068 1082 1107 3035 3053 3134 count : 7
rubbing : 1890 1910 1944 2554 2794 2811 2898 2927 count : 8
rule : 658 1257 2482 2698 3365 3713 4109 4290 4746 count : 9
rules : 155 301 390 706 836 1008 1141 1232 1329 1997 3651 count : 11
sacrifices : 627 699 3262 3870 3897 4554 4856 count : 7
said : 170 270 327 362 732 795 1138 1732 1750 1812 1818 1989 2010 2451 2565 2668 3375 3656 3788 count : 19
sanscrit : 10 58 95 177 190 194 272 273 276 1229 1273 1832 4986 4990 count : 15
satisfied : 1676 1688 1777 1821 1824 2453 2733 2781 3107 count : 9
saying : 2079 3394 3403 3533 3628 4306 4542 4768 count : 8
says : 155 355 1284 1303 1446 1525 1670 1722 2248 2531 2773 2947 3134 3206 3229 3343 3375 3388 3464 3625 3871 3909 4081 4290 4825 count : 25
science : 232 239 248 307 325 829 833 835 836 841 842 2708 4377 count : 13
scratching : 1869 1974 2011 2086 2146 2149 2936 3662 count : 8
seat : 1027 1081 1296 3038 3126 3612 4806 count : 7
secretly : 3006 3540 4076 4144 4782 4921 count : 6
secrets : 111 124 1466 1500 1501 1523 3939 4080 4202 4932 count : 10
seen : 700 2277 2680 3260 3557 3567 4216 4550 4758 4790 count : 10
semen : 1654 1692 1694 1707 1710 1711 1712 1715 2378 2402 count : 10
sent : 3144 3731 4175 4230 4894 4909 count : 6
separately : 393 419 422 1745 3052 4153 count : 6
servant : 856 1304 1447 3106 3290 3638 3894 4729 4949 4952 4964 count : 11
servants : 1170 1196 2981 3036 3550 3553 3875 3949 3953 3966 3980 3984 4047 4117 4125 4159 4211 4214 4220 4408 count : 20
seven : 10 60 295 403 1878 1879 3067 3253 3332 count : 9
sexual : 224 234 239 483 674 678 1468 1580 1587 1654 1693 1762 1769 1772 1794 1812 1850 1861 1953 1996 2013 2378 2386 2601 2702 2975 3051 3070 3331 3345 3348 3530 3673 4407 4613 4616 4914 4969 4970 count : 39
shampooing : 1986 1987 2129 2880 2881 2941 3662 4709 4711 count : 9
shastra : 72 131 132 133 366 626 676 833 848 850 853 1861 1996 1998 1999 3097 count : 17
she : 205 210 214 215 216 217 218 851 1028 1030 1035 1273 1344 1349 1364 1365 1396 1398 1400 1441 1450 1679 1684 1685 1698 1699 1700 1707 1827 1851 2077 2079 2080 2081 2082 2084 2090 2117 2128 2129 2130 2138 2424 2426 2427 2428 2430 2432 2433 2461 2465 2468 2500 2528 2639 2640 2641 2657 2733 2735 2738 2741 2743 2747 2749 2757 2761 2762 2763 2765 2768 2775 2778 2781 2782 2829 2840 2847 2855 2856 2857 3131 3134 3135 3136 3138 3143 3145 3199 3201 3260 3264 3342 3353 3359 3363 3366 3368 3370 3372 3374 3376 3378 3379 3380 3386 3388 3390 3393 3395 3396 3397 3402 3413 3429 3434 3439 3441 3463 3484 3486 3487 3488 3492 3508 3516 3517 3519 3520 3538 3539 3540 3541 3544 3546 3547 3553 3557 3572 3603 3613 3621 3623 3635 3644 3652 3653 3655 3661 3662 3667 3669 3672 3673 3674 3675 3677 3678 3679 3680 3686 3690 3725 3726 3731 3733 3734 3735 3737 3740 3743 3745 3747 3801 3805 3806 3865 3868 3871 3876 3884 3890 3892 3893 3895 3896 3898 3899 3900 3905 3906 3908 3911 3914 3922 3923 3926 3939 3946 3948 3958 3960 3964 3965 3973 3974 3975 3978 3979 3986 3987 3996 4005 4036 4046 4047 4053 4060 4061 4062 4070 4072 4074 4075 4077 4078 4083 4093 4094 4101 4106 4107 4109 4110 4112 4115 4118 4119 4120 4122 4123 4125 4126 4135 4138 4140 4142 4144 4197 4291 4294 4296 4297 4299 4476 4561 4595 4598 4604 4635 4638 4654 4658 4660 4667 4671 4672 4675 4682 4683 4684 4687 4688 4689 4691 4692 4699 4702 4704 4706 4709 4711 4712 4714 4717 4720 4721 4724 4725 4728 4730 4731 4739 4774 4778 4783 4784 4788 4799 4805 4815 4849 4894 4917 4918 4967 4968 4976 4982 count : 341
show : 148 1137 2107 2115 2375 2434 3066 3143 3263 3480 3494 3515 3520 3584 3591 3594 3605 3661 3670 3954 4118 4141 4152 4562 4603 4839 4846 4935 4938 count : 29
showing : 2121 3139 3220 4035 4366 4368 4371 count : 7
shows : 1603 2431 2779 2855 3537 3539 3552 3669 4702 4741 count : 10
side : 1630 2479 2480 2481 3039 3302 3541 4137 4563 count : 10
sides : 1178 1803 2314 2469 2610 2661 2676 2822 2894 2911 2913 3212 3295 3384 count : 14
signs : 205 520 578 987 1536 2352 2777 2780 3220 3228 3265 3453 3516 3537 3568 3584 3615 4284 4285 4561 4611 4696 4741 4757 4826 4830 4833 4836 4843 count : 29
singing : 863 869 1106 1937 3521 4181 count : 6
sit : 1147 2396 2399 3063 3134 3598 3897 3900 4433 4589 count : 10
sitting : 1086 1150 1901 1949 2123 2129 2531 2540 2576 2640 3053 3548 4563 4577 4808 count : 15
sixty : 154 295 337 471 852 1862 1863 1866 1867 1873 1876 1882 2370 3094 3152 3154 3157 3158 3160 3162 3174 3419 3528 4119 4122 4800 count : 27
size : 1596 1620 1622 1624 1626 2186 count : 8
skill : 911 1006 1131 2227 2243 3520 3530 3571 3661 3730 4471 4596 4800 4970 count : 14
sleep : 1104 1265 3331 3806 3974 4169 4267 4682 4808 count : 9
slowly : 1908 2395 2643 3547 3600 4565 count : 6
society : 72 244 1008 1223 1230 1231 1233 1282 1287 3043 3157 3263 3286 3740 4453 count : 15
something : 1901 2111 2654 3613 4578 4715 4916 4951 4992 count : 9
sort : 197 1073 1292 2034 3479 3495 4229 count : 8
sought : 741 1029 2251 2252 3230 3686 3821 count : 7
sound : 1931 2205 2395 2399 2620 2623 2624 2625 2626 2627 2628 2629 2630 2647 2651 2653 2654 2656 3368 4559 count : 24
sounds : 500 1870 1936 2013 2598 2634 2642 2646 2651 2653 2660 2663 2717 3333 3892 count : 15
speak : 962 971 1101 1906 2408 3120 3154 3339 3341 3372 3374 3551 3617 3733 3735 3743 4153 4197 4561 4565 4812 4969 count : 22
sports : 1006 1189 2414 3262 3570 3593 3899 count : 7
standing : 1901 1940 2128 2532 2537 3497 3912 count : 7
state : 274 556 1286 2673 2884 2995 3609 3615 3641 3672 4558 4648 4651 4735 count : 14
stories : 3516 3547 3555 3834 4379 4766 4797 4809 4824 count : 9
striking : 319 321 500 1875 1975 2013 2087 2365 2389 2598 2602 2612 2614 2615 2616 2617 2619 2649 2657 2677 2678 2936 count : 22
study : 471 667 822 823 824 829 852 936 1849 count : 10
subject : 92 109 131 140 145 147 190 197 247 254 327 437 524 669 930 1227 1279 1686 1757 1812 1848 1883 1992 2134 2258 2422 2585 2666 2695 2852 2979 3284 3426 3565 3581 3685 3814 3994 4514 4583 4786 4797 count : 43
subjects : 170 226 242 1151 1869 1872 1874 1876 3041 3154 3663 count : 11
success : 312 550 722 3313 4248 4375 count : 6
supposed : 185 189 296 316 351 1298 1660 3843 count : 8
sutra : 1 9 24 52 96 335 344 363 382 397 649 822 824 829 832 861 count : 16
suvarnanabha : 425 1443 1957 2180 2410 2495 2531 2773 count : 8
taken : 191 337 350 806 1099 1104 1177 1259 1413 2677 2826 3227 3438 3713 3965 4441 4517 count : 17
takes : 81 1683 1710 1902 1905 2013 2014 2063 2093 2094 2264 2827 2920 3114 3124 3491 3517 3604 4872 4891 count : 20
talk : 1994 3042 3045 3369 3370 3535 3631 3663 3736 4308 4387 4543 4545 4601 4771 4944 count : 16
teeth : 880 1089 2082 2096 2098 2269 2293 2297 2317 2320 2323 2325 2327 2331 2912 3015 3203 3403 3914 4624 4842 4917 4937 4951 count : 24
tell : 1511 1673 2885 3405 3420 3512 3554 3609 3613 3681 3741 3791 3938 4037 4070 4074 4077 4197 4786 4797 4809 4814 count : 22
telling : 3223 3748 4201 4379 4765 4824 count : 6
ten : 135 146 188 1097 1259 4259 count : 6
tender : 208 1186 2405 2408 3345 4791 count : 7
th : 411 413 415 417 705 709 count : 6
them : 160 253 301 501 621 675 678 743 772 775 776 839 845 958 982 986 1032 1036 1037 1041 1174 1208 1224 1453 1454 1636 1672 1673 1745 1767 1834 1902 1912 1944 2065 2093 2096 2150 2465 2468 2500 2556 2571 2598 2680 2682 2688 2722 2903 2955 3047 3145 3204 3217 3268 3272 3375 3395 3405 3412 3433 3461 3478 3506 3513 3520 3532 3552 3553 3554 3657 3698 3714 3811 3895 3954 3959 3962 3966 3975 4000 4055 4063 4105 4109 4137 4143 4144 4146 4159 4163 4164 4166 4178 4192 4196 4198 4200 4201 4225 4227 4231 4255 4329 4385 4403 4520 4551 4589 4595 4718 4834 4851 4890 4898 4966 count : 122
themselves : 193 749 1033 1149 1162 1169 1675 2205 2536 2720 2983 3211 3334 3376 3534 3715 3739 3793 count : 18
they : 223 256 277 454 617 622 628 656 686 687 741 745 746 747 764 825 840 1047 1133 1134 1173 1334 1511 1513 1515 1517 1519 1521 1523 1563 1673 1694 1712 1719 1734 1739 1740 1743 1769 1833 1839 1842 1948 1996 2019 2022 2023 2184 2261 2293 2297 2371 2377 2379 2381 2386 2389 2402 2405 2450 2480 2573 2578 2681 2711 2722 2760 2875 2878 2879 2963 2966 2967 2983 3040 3043 3048 3053 3058 3086 3095 3158 3161 3203 3262 3264 3268 3333 3346 3347 3534 3554 3698 3766 3768 3876 3926 3955 3961 4164 4292 4389 4552 4557 4601 4613 4745 4830 4832 4835 4836 4850 4898 4969 4971 count : 117
thighs : 1935 1943 1960 1963 1969 1971 2028 2180 2236 2346 2347 2465 2468 2485 2487 2497 2521 2542 2761 2881 2882 3240 3411 3413 3417 4717 count : 27
thing : 622 667 674 734 1252 2155 2810 2960 2985 3208 3373 3602 3998 4307 4351 4685 4788 count : 17
things : 136 141 256 455 522 627 629 663 718 997 998 1045 1047 1075 1093 1097 1114 1154 1496 1544 1703 1747 1750 1797 1801 2012 2018 2136 2349 2358 2415 2418 2576 2655 2670 2697 2770 2829 2890 2936 2973 2974 2976 2991 3005 3006 3042 3370 3418 3477 3504 3514 3526 3546 3579 3592 3595 3873 3891 3930 3976 4045 4106 4124 4159 4160 4389 4574 4599 4602 4603 4605 4620 count : 73
thinks : 1345 1438 1728 1729 1987 2015 2029 2975 3101 3136 3481 3653 3686 4100 4101 count : 15
thought : 257 680 4340 4348 4362 4371 4975 count : 7
thousand : 292 390 395 398 803 3014 count : 6
three : 179 211 453 455 468 652 982 1096 1341 1595 1601 1660 1663 2034 2186 2238 2455 3171 3199 3330 3339 3341 3623 count : 24
time : 227 353 486 686 792 1041 1102 1171 1513 1555 1591 1653 1663 1683 1684 1747 1748 1762 1767 1772 1773 1775 1777 1825 1918 1953 1988 1996 2010 2014 2015 2016 2020 2022 2023 2080 2117 2151 2152 2264 2378 2414 2428 2462 2528 2548 2558 2571 2646 2712 2718 2742 2760 2813 2837 2968 2975 3003 3008 3013 3021 3065 3083 3097 3101 3129 3136 3139 3215 3229 3273 3304 3354 3358 3367 3380 3418 3469 3522 3523 3531 3543 3548 3913 3957 3980 4103 4174 4213 4575 4586 4627 4628 4633 4634 4638 4662 4674 4691 4722 4759 4855 4857 4867 4910 count : 106
times : 361 616 621 720 1136 1137 1544 2276 2655 2711 3001 3505 3630 3645 3660 3738 3926 4212 4223 4858 count : 20
tongue : 2048 2073 2096 2097 2098 2926 2927 4573 count : 8
touch : 2044 2204 2758 3396 3415 3598 3600 3674 4629 4677 count : 10
touches : 1897 1982 2040 2048 2096 2881 2926 3108 4712 count : 9
touching : 1888 1897 1987 2038 2050 2073 2543 3039 3590 count : 9
towards : 536 537 1371 1931 2062 2660 2880 2987 3066 3391 3544 3567 3616 3642 3875 3907 3966 4014 4015 4018 4087 4189 4192 4207 4675 count : 25
translated : 10 58 128 188 266 4988 4989 count : 7
treated : 136 197 224 392 437 664 1814 1882 3015 4182 4614 count : 11
tree : 1076 1189 1877 1879 1923 1929 1938 2972 3061 3167 3253 3592 3878 count : 14
trees : 957 1164 1185 1186 1188 3168 3595 3946 count : 8
try : 3401 3428 3462 3507 3585 3659 4295 4655 4690 4763 count : 10
turned : 1464 2056 2066 2112 2804 3237 3943 count : 7
turns : 2065 2112 2527 2739 2775 2840 2844 4226 4227 4228 4229 count : 11
two : 292 333 657 775 777 782 811 982 1067 1072 1280 1568 1621 1625 1746 1752 1905 1908 1915 1940 1953 1969 2059 2062 2072 2317 2336 2478 2558 2584 2666 2695 2738 2779 2869 3014 3048 3083 3089 3114 4060 4514 4566 4592 4721 4967 count : 46
understood : 243 256 370 1139 1435 2343 3439 3726 count : 8
union : 409 483 485 582 869 1387 1580 1587 1593 1620 1621 1622 1624 1625 1626 1629 1633 1638 1654 1665 1688 1693 1766 1768 1769 1772 1812 1861 1953 2013 2014 2263 2386 2848 3051 3070 3195 3486 3570 4613 4813 4897 4914 4969 count : 47
unions : 1601 1602 1619 1630 1631 1634 1773 1818 4202 4255 count : 10
united : 1364 1382 1396 1729 2559 3739 4399 4693 count : 9
upon : 100 877 1071 1725 1726 1737 1804 1812 1974 2468 2521 2524 2734 2743 2763 3015 3162 3198 3411 3502 3508 3589 3599 3607 3758 3865 4039 4046 4147 4717 4775 4872 4891 count : 33
upper : 2045 2090 2091 2291 2807 3356 3395 count : 7
use : 3 5 837 1769 2453 2637 2688 3002 3350 3830 3907 3955 4122 4125 4618 4660 count : 16
usual : 1094 2155 3629 3979 4225 4688 4692 count : 7
vatsya : 104 149 269 270 271 320 323 328 1569 1722 count : 12
vatsyayana : 1 9 13 24 56 96 97 108 137 142 145 146 266 292 297 303 315 326 333 344 360 382 439 712 831 1454 1715 1873 1987 2014 2029 2247 2533 2681 2947 2975 3343 3644 4100 4284 4539 4834 4863 count : 44
verse : 175 928 929 984 985 986 1552 1686 1708 1757 2134 4989 count : 12
verses : 135 161 165 172 293 926 981 983 1017 1151 1227 1866 1992 2258 2422 2584 2666 2695 2852 2979 3284 3286 3426 3565 3685 3814 3994 4514 4993 count : 29
virgin : 538 3194 3996 4016 4092 4130 4166 count : 7
viz : 138 421 652 854 1341 1343 1439 1566 1595 1663 1783 1869 1874 1886 1919 2025 2028 2034 2052 2101 2160 2186 2300 2350 2418 2564 2612 2621 2830 2891 3072 4870 count : 32
want : 668 2780 3345 4028 4316 4322 4342 4346 4367 count : 9
wants : 2209 3621 3899 3917 4595 4598 4944 count : 7
water : 888 890 1065 1176 1187 1927 1951 2121 2532 2533 2564 2566 2655 3058 3105 3500 3501 3593 3607 count : 19
way : 198 199 421 579 617 968 1225 1391 1660 1706 1716 1763 1836 1997 2084 2098 2263 2372 2448 2479 2551 2573 2578 2685 2693 2705 2719 2749 2822 2857 2929 2985 3000 3030 3246 3252 3353 3397 3399 3424 3464 3466 3491 3507 3610 3693 3731 3766 3831 3900 3948 3987 4056 4106 4141 4147 4304 4368 4558 4569 4574 4600 4606 4654 4675 4684 4730 4742 4769 4789 4792 4816 count : 73
ways : 494 497 500 598 641 994 1001 1722 1724 1727 1732 1734 1738 1753 1957 2195 2244 2250 2444 2455 2494 2531 2678 2738 3094 3097 3406 3445 3586 3664 3773 4122 4608 count : 34
we : 677 690 709 718 720 723 846 1284 1704 1743 1744 1746 1797 1877 2278 2750 3120 4153 count : 18
weak : 1395 1775 4089 4145 4349 4395 count : 6
wealth : 308 449 454 469 636 719 1060 1198 1244 1388 1424 3200 3219 3458 3649 3688 3714 3939 count : 18
were : 189 191 257 270 277 288 345 393 394 398 402 422 436 755 781 1283 1288 1901 1937 1944 1948 2277 2433 2641 2755 2916 2924 2934 3019 3554 3672 3740 3742 3864 4230 4565 4684 count : 38
whom : 142 205 805 1205 1413 1418 1441 2157 2558 2881 3102 3256 3346 3481 3572 3635 3653 3686 3776 4093 4783 4784 4943 count : 24
widow : 538 1440 1444 1561 3996 4016 4089 4090 4092 4096 4100 4103 4130 4459 count : 14
wife : 319 411 513 531 536 537 539 541 564 576 801 1034 1206 1482 2459 3162 3184 3227 3292 3703 3756 3852 3873 3888 3910 3917 3938 3991 3996 4014 4015 4016 4021 4024 4034 4038 4040 4042 4050 4052 4057 4060 4062 4066 4068 4072 4075 4080 4082 4083 4087 4133 4148 4150 4170 4171 4194 4256 4441 4457 4465 4486 4588 4776 4883 4915 4918 4931 4937 4940 4943 4945 4947 4982 count : 79
wisdom : 4036 4301 4372 4477 4517 4767 4944 count : 7
wish : 1685 1712 2878 2902 3214 3517 3545 3651 3669 4811 4815 count : 11
wishes : 1045 1234 1700 1937 2043 3379 3407 3864 4121 4596 4967 4968 count : 12
without : 44 273 311 375 721 842 845 1046 1098 1198 1391 1565 1567 1820 2527 2733 2740 2826 2848 2963 3044 3332 3368 3394 3460 3609 3626 3635 3654 3689 3842 3896 3967 4056 4070 4071 4294 4307 4441 4479 4699 4740 4867 4932 count : 44
wives : 413 537 546 560 1033 1407 1408 1434 1487 1527 1846 3163 3690 3696 3701 3742 3789 4014 4018 4050 4054 4123 4126 4133 4142 4158 4165 4176 4181 4187 4192 4207 4225 4226 4240 4252 4538 4767 count : 39
woman : 201 202 219 221 222 241 254 354 533 553 556 675 1025 1027 1037 1108 1343 1347 1349 1356 1362 1369 1375 1382 1387 1395 1406 1412 1418 1424 1430 1439 1443 1446 1449 1455 1456 1464 1466 1468 1470 1472 1474 1476 1478 1480 1485 1556 1561 1563 1565 1566 1598 1620 1621 1684 1698 1706 1711 1729 1759 1826 1850 1885 1897 1900 1929 1934 1947 1949 1973 1976 1979 2077 2090 2094 2106 2110 2116 2128 2129 2137 2153 2260 2266 2270 2352 2424 2447 2449 2452 2455 2481 2484 2487 2490 2509 2518 2527 2536 2540 2546 2570 2639 2642 2648 2656 2657 2661 2710 2717 2732 2752 2755 2760 2765 2770 2773 2784 2829 2836 2844 2847 2849 2854 2856 2857 2858 2974 2986 3037 3046 3055 3065 3082 3095 3122 3125 3142 3153 3293 3319 3366 3481 3497 3711 3859 3863 3969 3971 3996 4037 4056 4085 4132 4143 4169 4202 4218 4282 4290 4292 4294 4301 4305 4310 4336 4348 4369 4435 4439 4441 4443 4445 4447 4449 4451 4453 4455 4461 4463 4467 4469 4471 4473 4475 4479 4481 4484 4488 4490 4492 4494 4496 4498 4500 4502 4504 4506 4508 4510 4512 4532 4548 4550 4568 4608 4632 4636 4637 4639 4648 4651 4660 4663 4666 4671 4674 4677 4695 4696 4727 4735 4737 4741 4743 4757 4759 4763 4769 4771 4776 4779 4781 4786 4793 4802 4805 4808 4812 4818 4820 4822 4825 4839 4841 4846 4881 4889 4893 4895 4897 4906 4913 4919 4920 4923 4924 4926 4928 4931 4934 4939 4941 4943 4946 4949 4953 4956 4960 4968 4971 4975 4977 count : 282
women : 138 139 178 198 225 321 389 420 477 495 540 548 549 550 563 656 832 846 847 937 1040 1148 1153 1160 1161 1170 1202 1207 1215 1217 1218 1277 1283 1288 1325 1333 1335 1336 1337 1338 1341 1342 1458 1566 1608 1642 1660 1663 1688 1692 1718 1723 1724 1732 1744 1752 1755 1757 1761 1799 1823 1835 1847 2088 2193 2254 2277 2286 2359 2361 2365 2367 2370 2374 2375 2377 2381 2385 2388 2391 2395 2398 2401 2405 2408 2435 2452 2482 2492 2558 2561 2578 2591 2680 2718 2719 2729 2777 2873 2939 2947 2949 2952 2955 2958 2963 2983 2985 3101 3111 3157 3161 3308 3345 3423 3432 3532 3534 3597 3628 3645 3695 3713 3889 3940 3975 3998 4017 4152 4161 4184 4185 4189 4222 4228 4247 4248 4249 4286 4375 4381 4391 4397 4427 4429 4431 4433 4481 4519 4542 4544 4562 4615 4745 4966 4969 4971 count : 164
wood : 1749 3055 3496 3497 3499 3503 3934 count : 7
word : 356 972 1571 1893 2343 3296 3376 3747 4218 count : 9
words : 132 453 837 838 938 967 970 971 985 1628 2371 2383 2632 2658 2659 3057 3130 3137 3139 3228 3265 3311 3312 3337 3364 3372 3542 3615 3620 3908 3962 4671 4743 4744 4813 count : 35
work : 95 101 125 127 135 137 144 156 161 165 169 177 186 230 246 272 273 284 298 305 316 356 366 373 399 419 435 438 440 465 669 703 918 945 1743 1828 1837 1840 1867 2729 2749 2753 2944 3013 3015 3553 3619 3620 3815 3954 4060 4186 4253 4740 count : 54
working : 1722 1724 1727 1732 1738 1753 3435 count : 7
works : 92 102 108 142 145 147 159 190 193 230 238 242 300 328 441 1270 1720 2999 3977 4711 count : 20
world : 200 303 628 630 664 703 705 771 773 1198 1235 1332 1808 4342 count : 15
writ : 302 626 633 696 1330 2945 2948 3195 3279 4204 count : 10
writing : 100 126 871 967 1833 count : 6
written : 100 129 144 177 187 328 338 353 363 393 397 435 812 985 count : 14
years : 103 128 615 2437 3014 3199 count : 6
yoni : 212 1598 2448 2490 2784 2805 2807 2810 2813 2816 2819 2822 2825 2836 2986 count : 15
younger : 537 3199 3249 4015 4040 4042 4068 4087 4465 count : 9
